3.322779298985101271e-01 1.250000000000000000e+00 2.330295284109018539e+00
3.080984768522352368e-01 1.270000000000000018e+00 2.454649993856818924e+00
2.215227011521316847e-01 1.340000000000000080e+00 1.520150225367853825e+00
2.837002411001634528e-01 1.290000000000000036e+00 2.286721711583328265e+00
2.588011433046113474e-01 1.310000000000000053e+00 1.532208681014855411e+00
6.050278988649382406e-01 1.030000000000000027e+00 8.293438973050859531e+00
4.900498131215242914e-01 1.120000000000000107e+00 6.368798249457934268e+00
7.340519851859004241e-01 9.399999999999999467e-01 1.091143986308285818e+01
2.215227011521316847e-01 1.340000000000000080e+00 1.516438607548900475e+00
5.772764496404270140e-01 1.050000000000000044e+00 7.041731394648560460e+00
3.080984768522352368e-01 1.270000000000000018e+00 2.400886581273802278e+00
4.900498131215242914e-01 1.120000000000000107e+00 6.142829115942207707e+00
7.031310133404167217e-01 9.599999999999999645e-01 9.957306386289928923e+00
4.529721989563326723e-01 1.149999999999999911e+00 4.513505765912604772e+00
4.659400413235519345e-01 1.139999999999999902e+00 6.230652291739024129e+00
2.959268301220876474e-01 1.280000000000000027e+00 2.338033259070593672e+00
1.557879956083416673e-01 1.389999999999999902e+00 8.790328920516028433e-01
3.322779298985101271e-01 1.250000000000000000e+00 2.653750626688489600e+00
5.272723441332813898e-01 1.090000000000000080e+00 7.374369964067711614e+00
1.557879956083416673e-01 1.389999999999999902e+00 8.801794461120027169e-01
1.117909155682222488e+00 7.299999999999999822e-01 1.679218112082924108e+01
3.202154281833005101e-01 1.260000000000000009e+00 2.323360384328651218e+00
3.080984768522352368e-01 1.270000000000000018e+00 2.314206577727051073e+00
1.056447933633904546e+00 7.600000000000000089e-01 1.337256706418691543e+01
3.322779298985101271e-01 1.250000000000000000e+00 2.557095510506195435e+00
3.202154281833005101e-01 1.260000000000000009e+00 2.314921930438345044e+00
6.050278988649382406e-01 1.030000000000000027e+00 8.258737706844867077e+00
6.446105812119578005e-01 1.000000000000000000e+00 8.611435855334688583e+00
2.340047476663271731e-01 1.330000000000000071e+00 3.845035174244745502e+00
7.498835034345034956e-01 9.300000000000000488e-01 1.088667574852826725e+01
2.959268301220876474e-01 1.280000000000000027e+00 2.401218815519011507e+00
2.711159934761027124e-01 1.300000000000000044e+00 2.083533842825807003e+00
4.659400413235519345e-01 1.139999999999999902e+00 6.100231145734502647e+00
5.916866815560450910e-01 1.040000000000000036e+00 8.340650502136414346e+00
2.340047476663271731e-01 1.330000000000000071e+00 1.714235174520412519e+00
4.900498131215242914e-01 1.120000000000000107e+00 6.327067577761091854e+00
3.322779298985101271e-01 1.250000000000000000e+00 2.322473900124985668e+00
8.321566700761464652e-01 8.800000000000000044e-01 9.859729742876934822e+00
5.020186964190078704e-01 1.110000000000000098e+00 6.160815940580112837e+00
1.056447933633904546e+00 7.600000000000000089e-01 9.647247646495250351e+00
5.772764496404270140e-01 1.050000000000000044e+00 7.127304020548617558e+00
8.321566700761464652e-01 8.800000000000000044e-01 1.100706897264434048e+01
2.588011433046113474e-01 1.310000000000000053e+00 1.843577272795713595e+00
2.340047476663271731e-01 1.330000000000000071e+00 1.529685496114062904e+00
5.139306083870422981e-01 1.100000000000000089e+00 6.226986901479599545e+00
6.599840900931703835e-01 9.899999999999999911e-01 9.153392752369335028e+00
2.711159934761027124e-01 1.300000000000000044e+00 1.542054842756065192e+00
1.433670878619493605e+00 5.300000000000000266e-01 1.590086327747599348e+01
3.811477535698162278e-01 1.209999999999999964e+00 3.770407443300435091e+00
1.132413663309517204e-01 1.419999999999999929e+00 4.487263494367468297e-01
5.020186964190078704e-01 1.110000000000000098e+00 6.257213223633001142e+00
1.956081995217884284e-01 1.360000000000000098e+00 8.833820578379351085e-01
5.648708538757758468e-01 1.060000000000000053e+00 6.673154081539561133e+00
5.916866815560450910e-01 1.040000000000000036e+00 8.291172091969944091e+00
1.956081995217884284e-01 1.360000000000000098e+00 8.835806567592406902e-01
4.412075840629618995e-01 1.159999999999999920e+00 4.509560813557925485e+00
3.691411955815588897e-01 1.219999999999999973e+00 3.474151945816820852e+00
8.664184572438773380e-01 8.599999999999999867e-01 1.211248485237286054e+01
4.659400413235519345e-01 1.139999999999999902e+00 6.556352180629355431e+00
3.322779298985101271e-01 1.250000000000000000e+00 2.570384485704196642e+00
4.055872770753552459e-01 1.189999999999999947e+00 4.632504483170483134e+00
5.398691260040262563e-01 1.080000000000000071e+00 6.452586498504516044e+00
4.780236860167250690e-01 1.129999999999999893e+00 4.976168048397642707e+00
3.322779298985101271e-01 1.250000000000000000e+00 2.697739779600193621e+00
2.340047476663271731e-01 1.330000000000000071e+00 1.523525072600121044e+00
8.307061673577198491e-03 1.489999999999999991e+00 3.421329424346633563e-01
6.314894419497867339e-01 1.010000000000000009e+00 8.300107904818355919e+00
6.314894419497867339e-01 1.010000000000000009e+00 8.537311697822724810e+00
7.812161433666457988e-01 9.100000000000000311e-01 1.124447309877094270e+01
5.772764496404270140e-01 1.050000000000000044e+00 7.279972026092294435e+00
2.588011433046113474e-01 1.310000000000000053e+00 2.685608894911619693e+00
5.524018540148820655e-01 1.070000000000000062e+00 7.533173324923376768e+00
3.202154281833005101e-01 1.260000000000000009e+00 2.648690140793838577e+00
1.275759780546729116e+00 6.500000000000000222e-01 1.295747851729264433e+01
1.399785129725005239e+00 5.600000000000000533e-01 2.625129303420014182e+01
6.182953497059466841e-01 1.020000000000000018e+00 8.367209902569388902e+00
5.139306083870422981e-01 1.100000000000000089e+00 6.191118003512286805e+00
3.202154281833005101e-01 1.260000000000000009e+00 2.474773711207150395e+00
1.956081995217884284e-01 1.360000000000000098e+00 9.214321641040568167e-01
3.570796869363142001e-01 1.229999999999999982e+00 3.307254657824926003e+00
8.493556464942866313e-01 8.699999999999999956e-01 1.199925799424028128e+01
4.900498131215242914e-01 1.120000000000000107e+00 6.257338722073612303e+00
1.305853184978930326e+00 6.300000000000000044e-01 2.185844472598088828e+01
1.823970312155931417e-01 1.370000000000000107e+00 1.057426036008664694e+00
3.322779298985101271e-01 1.250000000000000000e+00 2.322835759487698493e+00
2.711159934761027124e-01 1.300000000000000044e+00 1.771272706455986334e+00
6.948265433809686087e-02 1.449999999999999956e+00 3.375297334312961084e-01
3.811477535698162278e-01 1.209999999999999964e+00 3.809328976314480197e+00
8.833461803593820605e-01 8.499999999999999778e-01 9.405622584521882601e+00
5.772764496404270140e-01 1.050000000000000044e+00 7.424192207931449516e+00
4.175153738009642623e-01 1.179999999999999938e+00 4.730052397645915896e+00
3.449629761403034678e-01 1.239999999999999991e+00 3.626958180423607736e+00
2.959268301220876474e-01 1.280000000000000027e+00 2.300506347266787266e+00
8.321566700761464652e-01 8.800000000000000044e-01 1.077540310294636683e+01
2.588011433046113474e-01 1.310000000000000053e+00 1.539010065760782586e+00
1.956081995217884284e-01 1.360000000000000098e+00 8.844501662592122448e-01
7.656046329247523374e-01 9.200000000000000400e-01 1.114419476638198425e+01
8.833461803593820605e-01 8.499999999999999778e-01 1.209147752485157135e+01
5.398691260040262563e-01 1.080000000000000071e+00 7.350120729284986609e+00
5.139306083870422981e-01 1.100000000000000089e+00 6.213426230810259021e+00
3.449629761403034678e-01 1.239999999999999991e+00 3.415760955030299861e+00
1.132413663309517204e-01 1.419999999999999929e+00 4.569890015694588192e-01
7.340519851859004241e-01 9.399999999999999467e-01 6.506228749583820026e+00
7.656046329247523374e-01 9.200000000000000400e-01 1.103073776173836684e+01
2.711159934761027124e-01 1.300000000000000044e+00 1.543738429943291024e+00
4.055872770753552459e-01 1.189999999999999947e+00 4.447953564284144790e+00
6.314894419497867339e-01 1.010000000000000009e+00 8.254918912544523479e+00
4.900498131215242914e-01 1.120000000000000107e+00 6.064798245007223976e+00
4.412075840629618995e-01 1.159999999999999920e+00 4.495295116637779920e+00
4.412075840629618995e-01 1.159999999999999920e+00 4.591302643526470995e+00
6.182953497059466841e-01 1.020000000000000018e+00 8.345838005737947540e+00
1.411893606591938077e+00 5.500000000000000444e-01 1.555732328423817279e+01
6.599840900931703835e-01 9.899999999999999911e-01 9.206331810874493371e+00
1.237637307503842488e+00 6.700000000000000400e-01 1.245463175251788002e+01
2.340047476663271731e-01 1.330000000000000071e+00 1.533285582876864783e+00
7.031310133404167217e-01 9.599999999999999645e-01 9.048292517605785790e+00
3.080984768522352368e-01 1.270000000000000018e+00 2.312708835057241785e+00
1.036923822423847286e+00 7.700000000000000178e-01 1.501307035825466585e+01
2.959268301220876474e-01 1.280000000000000027e+00 2.716192125900688037e+00
2.087575231148881549e-01 1.350000000000000089e+00 1.015073363117546146e+00
1.179178435399470315e+00 6.999999999999999556e-01 1.015389480868928906e+01
1.557879956083416673e-01 1.389999999999999902e+00 8.781472205167065725e-01
9.402524937104623781e-01 8.199999999999999512e-01 1.367823619399736401e+01
1.691237273244232675e-01 1.379999999999999893e+00 8.788697620270931044e-01
2.087575231148881549e-01 1.350000000000000089e+00 1.708616649864601822e+00
3.691411955815588897e-01 1.219999999999999973e+00 3.446543962438633812e+00
1.691237273244232675e-01 1.379999999999999893e+00 8.795164705321001364e-01
1.132413663309517204e-01 1.419999999999999929e+00 5.270610391393306671e+00
3.080984768522352368e-01 1.270000000000000018e+00 2.307645144639076218e+00
1.278073745511769665e-01 1.409999999999999920e+00 5.393831601933115616e-01
1.075778313038115108e+00 7.500000000000000000e-01 1.558350403948069740e+01
4.529721989563326723e-01 1.149999999999999911e+00 4.671844002571247323e+00
1.218261972219313094e+00 6.800000000000000488e-01 1.190011299316085669e+01
6.599840900931703835e-01 9.899999999999999911e-01 9.463939351801856859e+00
1.823970312155931417e-01 1.370000000000000107e+00 8.987648046243957856e-01
1.256802483766958911e+00 6.600000000000000311e-01 1.891072610761932893e+01
6.446105812119578005e-01 1.000000000000000000e+00 8.690177083631692057e+00
7.498835034345034956e-01 9.300000000000000488e-01 1.106951611502431199e+01
5.772764496404270140e-01 1.050000000000000044e+00 7.291900380640221613e+00
1.138557408871302634e+00 7.199999999999999734e-01 1.708937957959951248e+01
4.780236860167250690e-01 1.129999999999999893e+00 6.102479060320096238e+00
4.529721989563326723e-01 1.149999999999999911e+00 4.598008978902134558e+00
5.524018540148820655e-01 1.070000000000000062e+00 6.956964054144203047e+00
1.583325859773199618e+00 3.800000000000000044e-01 2.319623530807736422e+00
4.412075840629618995e-01 1.159999999999999920e+00 4.494699120221969935e+00
4.055872770753552459e-01 1.189999999999999947e+00 4.557530950283998017e+00
1.497667887826227284e+00 4.699999999999999734e-01 2.133058712406258550e+01
1.350748415904293287e+00 5.999999999999999778e-01 1.583845861035817926e+01
6.446105812119578005e-01 1.000000000000000000e+00 8.436279397638005051e+00
6.744555368537739071e-01 9.799999999999999822e-01 9.318238656655479346e+00
8.321566700761464652e-01 8.800000000000000044e-01 9.389486984257150226e+00
1.275759780546729116e+00 6.500000000000000222e-01 1.313143591019843903e+01
3.322779298985101271e-01 1.250000000000000000e+00 2.544229693637678480e+00
3.322779298985101271e-01 1.250000000000000000e+00 2.328340009555410983e+00
3.449629761403034678e-01 1.239999999999999991e+00 3.318329848040763697e+00
4.900498131215242914e-01 1.120000000000000107e+00 6.508925170336591570e+00
4.175153738009642623e-01 1.179999999999999938e+00 4.461922918879620781e+00
1.278073745511769665e-01 1.409999999999999920e+00 4.515329218024744518e-01
7.173361423259114744e-01 9.499999999999999556e-01 9.363868644749919312e+00
3.080984768522352368e-01 1.270000000000000018e+00 2.317168517332905964e+00
1.362904550573861284e+00 5.899999999999999689e-01 2.431116876922278891e+01
6.446105812119578005e-01 1.000000000000000000e+00 8.792498218003432342e+00
1.290618888088290062e+00 6.400000000000000133e-01 2.185344298095876425e+01
8.148204413519999356e-01 8.900000000000000133e-01 1.158339128076016245e+01
3.322779298985101271e-01 1.250000000000000000e+00 2.509416614569298876e+00
7.498835034345034956e-01 9.300000000000000488e-01 8.540393572848239856e+00
5.772764496404270140e-01 1.050000000000000044e+00 6.869949294659882355e+00
7.656046329247523374e-01 9.200000000000000400e-01 7.021579416935004758e+00
4.055872770753552459e-01 1.189999999999999947e+00 4.485695890243619033e+00
3.202154281833005101e-01 1.260000000000000009e+00 2.340536391760195123e+00
8.664184572438773380e-01 8.599999999999999867e-01 8.251411146279625797e+00
9.585921583908216803e-01 8.100000000000000533e-01 1.390655912221595614e+01
6.182953497059466841e-01 1.020000000000000018e+00 8.454043936820669458e+00
6.888376608257789080e-01 9.699999999999999734e-01 9.619937898323758674e+00
1.017204037800288674e+00 7.800000000000000266e-01 1.526141700490988917e+01
7.340519851859004241e-01 9.399999999999999467e-01 1.096943961442680404e+01
2.711159934761027124e-01 1.300000000000000044e+00 1.537155330026608091e+00
1.557879956083416673e-01 1.389999999999999902e+00 8.677379317394026126e-01
7.173361423259114744e-01 9.499999999999999556e-01 9.521160965902746298e+00
3.449629761403034678e-01 1.239999999999999991e+00 3.514766103998621105e+00
9.402524937104623781e-01 8.199999999999999512e-01 1.368018416973750995e+01
5.139306083870422981e-01 1.100000000000000089e+00 6.421115749895623281e+00
6.314894419497867339e-01 1.010000000000000009e+00 8.547015282354083254e+00
6.446105812119578005e-01 1.000000000000000000e+00 8.463184060517287222e+00
1.557879956083416673e-01 1.389999999999999902e+00 8.753597832673508661e-01
2.464308113548963064e-01 1.320000000000000062e+00 1.902572583992403477e+00
6.446105812119578005e-01 1.000000000000000000e+00 8.569502990160389189e+00
8.148204413519999356e-01 8.900000000000000133e-01 1.166333133018924428e+01
3.449629761403034678e-01 1.239999999999999991e+00 3.348039087963399218e+00
7.340519851859004241e-01 9.399999999999999467e-01 1.090953231725739236e+01
6.599840900931703835e-01 9.899999999999999911e-01 9.127758338054039911e+00
7.812161433666457988e-01 9.100000000000000311e-01 1.120525463690570689e+01
5.648708538757758468e-01 1.060000000000000053e+00 7.141076273485916559e+00
8.833461803593820605e-01 8.499999999999999778e-01 1.160578413363953665e+01
1.036923822423847286e+00 7.700000000000000178e-01 1.501170294225603108e+01
4.780236860167250690e-01 1.129999999999999893e+00 6.100090933942238891e+00
2.464308113548963064e-01 1.320000000000000062e+00 1.544386700102731824e+00
1.036923822423847286e+00 7.700000000000000178e-01 1.247473700748334657e+01
1.433670878619493605e+00 5.300000000000000266e-01 1.693058085535873758e+01
7.340519851859004241e-01 9.399999999999999467e-01 1.088574658173345711e+01
1.444578025967864887e+00 5.200000000000000178e-01 3.085050323203056521e+01
1.237637307503842488e+00 6.700000000000000400e-01 1.509908325545706553e+01
1.256802483766958911e+00 6.600000000000000311e-01 1.334029619206981110e+01
1.497667887826227284e+00 4.699999999999999734e-01 3.649676530161418242e+01
3.811477535698162278e-01 1.209999999999999964e+00 3.340642211559972985e+00
7.812161433666457988e-01 9.100000000000000311e-01 1.128536250898457283e+01
8.321566700761464652e-01 8.800000000000000044e-01 1.154435525769988047e+01
9.860160492935188259e-02 1.429999999999999938e+00 4.732330815337111862e-01
2.588011433046113474e-01 1.310000000000000053e+00 1.688401518287425018e+00
1.237637307503842488e+00 6.700000000000000400e-01 1.913566260338757274e+01
1.278073745511769665e-01 1.409999999999999920e+00 9.178474027865092255e-01
6.599840900931703835e-01 9.899999999999999911e-01 9.129907985674098114e+00
2.215227011521316847e-01 1.340000000000000080e+00 1.515168629118510912e+00
1.691237273244232675e-01 1.379999999999999893e+00 1.222457554360007137e+00
1.075778313038115108e+00 7.500000000000000000e-01 1.247491976522497126e+01
8.493556464942866313e-01 8.699999999999999956e-01 1.103004761771105535e+01
1.538010477037913271e+00 4.299999999999999933e-01 3.122920923025951012e+01
3.080984768522352368e-01 1.270000000000000018e+00 2.305351136313705140e+00
2.464308113548963064e-01 1.320000000000000062e+00 1.934278161595419876e+00
4.659400413235519345e-01 1.139999999999999902e+00 5.862882145381719035e+00
8.148204413519999356e-01 8.900000000000000133e-01 1.145887015454792035e+01
4.659400413235519345e-01 1.139999999999999902e+00 6.952905897829238846e+00
7.173361423259114744e-01 9.499999999999999556e-01 1.052892392462289273e+01
3.570796869363142001e-01 1.229999999999999982e+00 3.335790493191042039e+00
9.217484346234896542e-01 8.299999999999999600e-01 1.360450697881360149e+01
1.444578025967864887e+00 5.200000000000000178e-01 3.103343506714854172e+01
1.538010477037913271e+00 4.299999999999999933e-01 6.449448283636971269e+01
1.335916750634464245e+00 6.099999999999999867e-01 1.357364448537131629e+01
9.585921583908216803e-01 8.100000000000000533e-01 1.383262109211263713e+01
1.275759780546729116e+00 6.500000000000000222e-01 1.969787116862171672e+01
3.691411955815588897e-01 1.219999999999999973e+00 3.447247667693888573e+00
7.340519851859004241e-01 9.399999999999999467e-01 1.096493870624829725e+01
5.020186964190078704e-01 1.110000000000000098e+00 6.388150322824364125e+00
3.570796869363142001e-01 1.229999999999999982e+00 3.655905735365374998e+00
1.036923822423847286e+00 7.700000000000000178e-01 1.515697548300689945e+01
4.055872770753552459e-01 1.189999999999999947e+00 4.484511292743590616e+00
1.017204037800288674e+00 7.800000000000000266e-01 1.373017525201454525e+01
2.711159934761027124e-01 1.300000000000000044e+00 1.989675212921304226e+00
5.648708538757758468e-01 1.060000000000000053e+00 7.339431897504444358e+00
7.967187991032198546e-01 9.000000000000000222e-01 8.122882026671360833e+00
1.528030983006838817e+00 4.400000000000000022e-01 1.755699670002085933e+00
1.433670878619493605e+00 5.300000000000000266e-01 1.651815967896801141e+01
4.293887257118091938e-01 1.169999999999999929e+00 4.778899897455892720e+00
1.599501990184683198e+00 3.599999999999999867e-01 2.458017444269767537e+00
1.179178435399470315e+00 6.999999999999999556e-01 1.787812935330608966e+01
1.557767572217402918e+00 4.099999999999999756e-01 2.116824433381769399e+00
1.423000011488055883e-01 1.399999999999999911e+00 4.516207814121428465e-01
8.833461803593820605e-01 8.499999999999999778e-01 1.196351735599615651e+01
1.487170700499543585e+00 4.799999999999999822e-01 3.625871931597247766e+01
1.411893606591938077e+00 5.500000000000000444e-01 1.849909181221391563e+01
4.175153738009642623e-01 1.179999999999999938e+00 4.454280525419917147e+00
1.423000011488055883e-01 1.399999999999999911e+00 1.204831179274887587e+00
4.529721989563326723e-01 1.149999999999999911e+00 4.754031071936165809e+00
7.967187991032198546e-01 9.000000000000000222e-01 1.109262613005499531e+01
9.972866186965108071e-01 7.900000000000000355e-01 1.355724185492921130e+01
1.557879956083416673e-01 1.389999999999999902e+00 6.758153636761973004e+00
6.744555368537739071e-01 9.799999999999999822e-01 9.585111542549993757e+00
7.812161433666457988e-01 9.100000000000000311e-01 1.041989034363965771e+01
2.711159934761027124e-01 1.300000000000000044e+00 3.174834685208149931e+00
1.387584595576614843e+00 5.699999999999999512e-01 2.596378746102915613e+01
8.493556464942866313e-01 8.699999999999999956e-01 1.208438891032087348e+01
6.446105812119578005e-01 1.000000000000000000e+00 8.265211230110608653e+00
5.020186964190078704e-01 1.110000000000000098e+00 6.367095497415443006e+00
1.497667887826227284e+00 4.699999999999999734e-01 2.713452743266401157e+01
4.659400413235519345e-01 1.139999999999999902e+00 6.057127114528195300e+00
1.387584595576614843e+00 5.699999999999999512e-01 2.548380003757439738e+01
7.031310133404167217e-01 9.599999999999999645e-01 7.769481954790252942e+00
6.182953497059466841e-01 1.020000000000000018e+00 8.605364898406076435e+00
1.567546082043629108e+00 4.000000000000000222e-01 2.470099135308471361e+00
1.557879956083416673e-01 1.389999999999999902e+00 9.200798616321550494e-01
1.179178435399470315e+00 6.999999999999999556e-01 1.757780788130018479e+01
6.888376608257789080e-01 9.699999999999999734e-01 9.582303276023667493e+00
1.567546082043629108e+00 4.000000000000000222e-01 2.958084543534113209e+00
1.422687469516771719e+00 5.400000000000000355e-01 1.471269711499276944e+01
1.320952071293789887e+00 6.199999999999999956e-01 1.411951255877070288e+01
1.097032417466423659e+00 7.399999999999999911e-01 1.028170302477744258e+01
7.031310133404167217e-01 9.599999999999999645e-01 9.812601639955103039e+00
3.449629761403034678e-01 1.239999999999999991e+00 3.297010546211322168e+00
1.138557408871302634e+00 7.199999999999999734e-01 1.674681982743536679e+01
4.900498131215242914e-01 1.120000000000000107e+00 6.140886460177905626e+00
1.218261972219313094e+00 6.800000000000000488e-01 1.084166143186167908e+01
7.967187991032198546e-01 9.000000000000000222e-01 1.017223711298848521e+01
6.050278988649382406e-01 1.030000000000000027e+00 8.593451514930226409e+00
9.217484346234896542e-01 8.299999999999999600e-01 1.365166396076977939e+01
9.030785075194898148e-01 8.399999999999999689e-01 1.331455229386287620e+01
4.055872770753552459e-01 1.189999999999999947e+00 4.589951818671469397e+00
1.320952071293789887e+00 6.199999999999999956e-01 2.230553012887510889e+01
1.423000011488055883e-01 1.399999999999999911e+00 5.276816980670682611e+00
6.948265433809686087e-02 1.449999999999999956e+00 1.524787374948455287e+00
1.179178435399470315e+00 6.999999999999999556e-01 1.822145933118834904e+01
5.916866815560450910e-01 1.040000000000000036e+00 7.046806001430032218e+00
2.464308113548963064e-01 1.320000000000000062e+00 2.091941130723391495e+00
1.198674173378645236e+00 6.899999999999999467e-01 9.660638449833337305e+00
3.570796869363142001e-01 1.229999999999999982e+00 3.307103582206032399e+00
2.711159934761027124e-01 1.300000000000000044e+00 1.837243625492254395e+00
1.179178435399470315e+00 6.999999999999999556e-01 1.770978813033170951e+01
5.524018540148820655e-01 1.070000000000000062e+00 7.953180370744738603e+00
7.967187991032198546e-01 9.000000000000000222e-01 1.146258664596052057e+01
6.314894419497867339e-01 1.010000000000000009e+00 7.759621833107319233e+00
1.036923822423847286e+00 7.700000000000000178e-01 1.501912408171929947e+01
1.476600387834615002e+00 4.899999999999999911e-01 1.800003411385364416e+01
1.476600387834615002e+00 4.899999999999999911e-01 1.864552931648432121e+01
1.487170700499543585e+00 4.799999999999999822e-01 3.668810101517145483e+01
6.314894419497867339e-01 1.010000000000000009e+00 8.350056997535352465e+00
1.497667887826227284e+00 4.699999999999999734e-01 2.247739510979416622e+01
1.278073745511769665e-01 1.409999999999999920e+00 4.778832861121553144e+00
7.656046329247523374e-01 9.200000000000000400e-01 1.101772136762198606e+01
3.930996112491000893e-01 1.199999999999999956e+00 4.122618347865993016e+00
1.275759780546729116e+00 6.500000000000000222e-01 1.974415881323601951e+01
1.387584595576614843e+00 5.699999999999999512e-01 2.575845917847817290e+01
1.305853184978930326e+00 6.300000000000000044e-01 2.196602451604086426e+01
8.148204413519999356e-01 8.900000000000000133e-01 1.164304120519384611e+01
1.179178435399470315e+00 6.999999999999999556e-01 1.280760165287904861e+01
4.175153738009642623e-01 1.179999999999999938e+00 4.601602073527504722e+00
7.656046329247523374e-01 9.200000000000000400e-01 1.111122130043481526e+01
2.340047476663271731e-01 1.330000000000000071e+00 3.182806684671397157e+00
8.833461803593820605e-01 8.499999999999999778e-01 1.140864242518144245e+01
1.290618888088290062e+00 6.400000000000000133e-01 2.179369160118036319e+01
1.399785129725005239e+00 5.600000000000000533e-01 1.493771190867929555e+01
2.711159934761027124e-01 1.300000000000000044e+00 3.828679989495019864e+00
1.691237273244232675e-01 1.379999999999999893e+00 1.360720794964221270e+00
1.528030983006838817e+00 4.400000000000000022e-01 1.758063916604155619e+00
1.518444906487202317e+00 4.500000000000000111e-01 2.600484399344055930e+01
1.487170700499543585e+00 4.799999999999999822e-01 3.661429894647203298e+01
3.080984768522352368e-01 1.270000000000000018e+00 2.428485913518414030e+00
6.599840900931703835e-01 9.899999999999999911e-01 8.477549287098943509e+00
1.621515700089193324e+00 3.200000000000000067e-01 2.156662937045967343e+00
8.148204413519999356e-01 8.900000000000000133e-01 1.174334627765668060e+01
1.455409441074633659e+00 5.100000000000000089e-01 1.854168341064247372e+01
1.591437071206597498e+00 3.699999999999999956e-01 2.384167458538141382e+00
2.711159934761027124e-01 1.300000000000000044e+00 2.138297553769880288e+00
3.449629761403034678e-01 1.239999999999999991e+00 4.016358774365410333e+00
1.218261972219313094e+00 6.800000000000000488e-01 1.169492859880154079e+01
6.050278988649382406e-01 1.030000000000000027e+00 9.200918869503087905e+00
1.256802483766958911e+00 6.600000000000000311e-01 1.267467247904906635e+01
1.362904550573861284e+00 5.899999999999999689e-01 1.195215426880986165e+01
1.320952071293789887e+00 6.199999999999999956e-01 2.225430516654342838e+01
1.362904550573861284e+00 5.899999999999999689e-01 2.520440973678744712e+01
1.455409441074633659e+00 5.100000000000000089e-01 3.132107191550488423e+01
2.464308113548963064e-01 1.320000000000000062e+00 1.539806097504701432e+00
1.557767572217402918e+00 4.099999999999999756e-01 2.539532189029345854e+00
1.487170700499543585e+00 4.799999999999999822e-01 3.665910879302555259e+01
1.583325859773199618e+00 3.800000000000000044e-01 2.474235884996124124e+00
8.493556464942866313e-01 8.699999999999999956e-01 1.187970110884916508e+01
1.275759780546729116e+00 6.500000000000000222e-01 1.993016757437861841e+01
1.275759780546729116e+00 6.500000000000000222e-01 1.992578923260249724e+01
2.588011433046113474e-01 1.310000000000000053e+00 2.473381168688068232e+00
3.811477535698162278e-01 1.209999999999999964e+00 4.209833464029227201e+00
1.528030983006838817e+00 4.400000000000000022e-01 6.471758632987653925e+01
7.498835034345034956e-01 9.300000000000000488e-01 1.098223461204203666e+01
1.956081995217884284e-01 1.360000000000000098e+00 6.240298618961963584e+00
5.020186964190078704e-01 1.110000000000000098e+00 6.532938147953552210e+00
1.528030983006838817e+00 4.400000000000000022e-01 1.761789033674134197e+00
1.487170700499543585e+00 4.799999999999999822e-01 1.940719254737532751e+01
1.399785129725005239e+00 5.600000000000000533e-01 2.597406415287561643e+01
9.030785075194898148e-01 8.399999999999999689e-01 1.365657241189784266e+01
4.412075840629618995e-01 1.159999999999999920e+00 4.659689334379522485e+00
9.860160492935188259e-02 1.429999999999999938e+00 7.061139120798477720e+00
1.179178435399470315e+00 6.999999999999999556e-01 1.767925528133206470e+01
1.691237273244232675e-01 1.379999999999999893e+00 2.043713036924383886e+00
4.780236860167250690e-01 1.129999999999999893e+00 6.132286876617859761e+00
1.036923822423847286e+00 7.700000000000000178e-01 1.521237527339056150e+01
3.691411955815588897e-01 1.219999999999999973e+00 3.318656574251517721e+00
8.388771690627017108e-02 1.439999999999999947e+00 6.397222065453723738e-01
1.075778313038115108e+00 7.500000000000000000e-01 1.552209329007700056e+01
5.020186964190078704e-01 1.110000000000000098e+00 6.494221026606524561e+00
1.557879956083416673e-01 1.389999999999999902e+00 1.070699001260189354e+00
1.362904550573861284e+00 5.899999999999999689e-01 1.215487386801575198e+01
1.557767572217402918e+00 4.099999999999999756e-01 1.893780019249511559e+00
1.557879956083416673e-01 1.389999999999999902e+00 8.693166115762022139e-01
4.529721989563326723e-01 1.149999999999999911e+00 5.037607633061115919e+00
1.117909155682222488e+00 7.299999999999999822e-01 1.696879584711950528e+01
1.335916750634464245e+00 6.099999999999999867e-01 1.472908350376382991e+01
5.916866815560450910e-01 1.040000000000000036e+00 8.303459392102926273e+00
1.422687469516771719e+00 5.400000000000000355e-01 1.500985054864852764e+01
1.198674173378645236e+00 6.899999999999999467e-01 1.798758820780491163e+01
3.811477535698162278e-01 1.209999999999999964e+00 3.809328976314480197e+00
1.097032417466423659e+00 7.399999999999999911e-01 1.687151587761520588e+01
7.173361423259114744e-01 9.499999999999999556e-01 7.016507318026919293e+00
9.217484346234896542e-01 8.299999999999999600e-01 1.381437827384061201e+01
1.487170700499543585e+00 4.799999999999999822e-01 3.671461537246555196e+01
8.321566700761464652e-01 8.800000000000000044e-01 1.176681907225905199e+01
1.335916750634464245e+00 6.099999999999999867e-01 1.434587221560471626e+01
1.399785129725005239e+00 5.600000000000000533e-01 1.546498534665120417e+01
7.812161433666457988e-01 9.100000000000000311e-01 1.089277836620188111e+01
1.350748415904293287e+00 5.999999999999999778e-01 1.614330652800617472e+01
6.888376608257789080e-01 9.699999999999999734e-01 9.398961668896793853e+00
1.466165649775958091e+00 5.000000000000000000e-01 3.262097301844563191e+01
3.202154281833005101e-01 1.260000000000000009e+00 2.534791981180884335e+00
9.217484346234896542e-01 8.299999999999999600e-01 1.265442432355332336e+01
1.444578025967864887e+00 5.200000000000000178e-01 1.662823965904254209e+01
1.455409441074633659e+00 5.100000000000000089e-01 3.162331137583402807e+01
4.529721989563326723e-01 1.149999999999999911e+00 4.513162830925514513e+00
1.599501990184683198e+00 3.599999999999999867e-01 2.458549727335445745e+00
6.599840900931703835e-01 9.899999999999999911e-01 9.292967942654243529e+00
1.497667887826227284e+00 4.699999999999999734e-01 3.746160888126256339e+01
1.455409441074633659e+00 5.100000000000000089e-01 2.559262601335805698e+01
1.375291304261623493e+00 5.799999999999999600e-01 1.304913987615923432e+01
1.455409441074633659e+00 5.100000000000000089e-01 1.996278814616071173e+01
1.444578025967864887e+00 5.200000000000000178e-01 3.109928241069375332e+01
2.464308113548963064e-01 1.320000000000000062e+00 3.382231348823980355e+00
8.321566700761464652e-01 8.800000000000000044e-01 1.183838045842657394e+01
4.780236860167250690e-01 1.129999999999999893e+00 5.933374501281203806e+00
1.399785129725005239e+00 5.600000000000000533e-01 2.326328339426599712e+01
1.823970312155931417e-01 1.370000000000000107e+00 1.877906520232841103e+00
1.056447933633904546e+00 7.600000000000000089e-01 1.535929846051953618e+01
1.528030983006838817e+00 4.400000000000000022e-01 1.971633914113118502e+00
1.179178435399470315e+00 6.999999999999999556e-01 1.759649752787401411e+01
1.422687469516771719e+00 5.400000000000000355e-01 2.871005745457873815e+01
1.433670878619493605e+00 5.300000000000000266e-01 3.041440723711206218e+01
8.833461803593820605e-01 8.499999999999999778e-01 1.229096384452688540e+01
1.610412846437781154e+00 3.400000000000000244e-01 1.925265232286724970e+00
1.198674173378645236e+00 6.899999999999999467e-01 9.840684169197734477e+00
5.916866815560450910e-01 1.040000000000000036e+00 6.603928274135361320e+00
1.198674173378645236e+00 6.899999999999999467e-01 1.884881221303774623e+01
7.498835034345034956e-01 9.300000000000000488e-01 9.291916224237704469e+00
1.305853184978930326e+00 6.300000000000000044e-01 2.188183845841203023e+01
1.158979677683281917e+00 7.099999999999999645e-01 1.752264405621946608e+01
9.860160492935188259e-02 1.429999999999999938e+00 4.186799208127698901e-01
1.508092455695172251e+00 4.600000000000000200e-01 3.817724833802087403e+01
1.422687469516771719e+00 5.400000000000000355e-01 2.927841547884022333e+01
1.256802483766958911e+00 6.600000000000000311e-01 1.938998344863450995e+01
2.588011433046113474e-01 1.310000000000000053e+00 3.207037862917216930e+00
1.362904550573861284e+00 5.899999999999999689e-01 2.492643145076030819e+01
1.444578025967864887e+00 5.200000000000000178e-01 1.734523833063022025e+01
1.528030983006838817e+00 4.400000000000000022e-01 8.003612868039928685e+01
2.340047476663271731e-01 1.330000000000000071e+00 3.144759154453390604e+00
1.691237273244232675e-01 1.379999999999999893e+00 1.636605012507969192e+00
1.508092455695172251e+00 4.600000000000000200e-01 2.442682272234147689e+01
2.959268301220876474e-01 1.280000000000000027e+00 4.478674852076522050e+00
1.411893606591938077e+00 5.500000000000000444e-01 1.542355598918964610e+01
1.567546082043629108e+00 4.000000000000000222e-01 1.972318084698136076e+00
1.476600387834615002e+00 4.899999999999999911e-01 3.584956818015756852e+01
1.335916750634464245e+00 6.099999999999999867e-01 2.265907555479972757e+01
1.583325859773199618e+00 3.800000000000000044e-01 2.362444410200831513e+00
1.575168090166829904e+00 3.900000000000000133e-01 2.276840316892870142e+00
1.433670878619493605e+00 5.300000000000000266e-01 3.000255950865872379e+01
8.493556464942866313e-01 8.699999999999999956e-01 1.189517651116450381e+01
9.030785075194898148e-01 8.399999999999999689e-01 8.586965723975687581e+00
1.487170700499543585e+00 4.799999999999999822e-01 3.599502922039256703e+01
1.599501990184683198e+00 3.599999999999999867e-01 2.457505784523979386e+00
2.087575231148881549e-01 1.350000000000000089e+00 1.687194473203035727e+00
1.575168090166829904e+00 3.900000000000000133e-01 2.357952570398296643e+00
1.823970312155931417e-01 1.370000000000000107e+00 8.759635135708703224e-01
1.508092455695172251e+00 4.600000000000000200e-01 3.801610408781609607e+01
1.575168090166829904e+00 3.900000000000000133e-01 2.275286230157850476e+00
9.585921583908216803e-01 8.100000000000000533e-01 1.370343929985774523e+01
