 0.088 0.42
 0.096 0.47
 0.107 0.45
 0.112 0.45
 0.126 0.73
 0.127 0.34
 0.128 0.47
 0.130 0.43
 0.132 0.43
 0.133 0.48
 0.139 0.50
 0.141 0.54
 0.143 0.83 
 0.149 0.60
 0.154 0.50
 0.158 0.61
 0.164 0.76
 0.179 0.58
 0.182 0.60
 0.186 0.82
 0.187 0.26
 0.195 0.66
 0.203 0.72
 0.237 1.14
 0.241 0.38
 0.244 1.18
 0.254 1.11
 0.274 1.44
 0.278 1.34
 0.289 0.39
 0.296 1.49
 0.297 0.38
 0.303 0.49
 0.319 0.47
 0.320 1.15
 0.325 1.02
 0.331 1.25
 0.336 1.19
 0.337 0.55
 0.337 0.43
 0.338 1.16
 0.353 0.88
 0.359 1.09
 0.360 1.08
 0.368 1.22
 0.382 0.56
 0.382 0.53
 0.384 1.02
 0.387 0.73
 0.393 1.13
 0.395 1.26
 0.398 0.43
 0.404 0.42
 0.406 1.03
 0.413 1.16
 0.419 1.38
 0.427 0.97
 0.451 1.17
 0.460 1.05
 0.464 1.22
 0.467 0.38
 0.480 1.21
 0.503 1.16
 0.511 1.21
 0.513 1.25
 0.513 0.60
 0.520 1.06
 0.528 0.85
 0.543 0.84
 0.548 0.58
 0.560 0.66
 0.570 0.81
 0.580 0.30
 0.596 0.44
 0.596 0.50
 0.597 0.25
 0.623 1.08
 0.624 0.56
 0.629 0.98
 0.631 0.48
 0.636 0.54
 0.651 1.36
 0.654 0.83
 0.662 0.50
 0.691 0.31
 0.691 1.04
 0.698 1.19
 0.699 0.47
 0.716 0.54
 0.716 0.94
 0.728 0.99
 0.739 0.96
 0.739 1.23
 0.754 1.11
 0.765 1.00
 0.766 0.45
 0.766 1.13
 0.781 0.41
 0.809 0.99
 0.831 0.43
 0.832 0.45
 0.852 1.02
 0.859 0.61
 0.873 1.00
 0.874 0.49
 0.879 0.29
 0.882 0.93
 0.901 0.88
 0.914 1.08
 0.933 1.27
 0.933 0.92
 0.952 0.84
 0.971 0.92
 0.984 0.84
 0.994 1.00
 1.006 0.80
 1.033 1.30
 1.044 0.86
 1.071 0.53
 1.077 0.43
 1.101 0.89
 1.109 0.88
 1.111 0.75
 1.134 0.09
 1.139 0.69
 1.165 1.31
 1.185 1.03
 1.185 0.93
 1.231 0.81
 1.240 0.53
 1.275 0.75
 1.282 0.21
 1.288 0.96
 1.329 0.92
 1.336 0.61
 1.351 0.31
 1.358 0.87
 1.377 0.93
 1.381 0.17
 1.404 0.08
 1.412 1.00
 1.510 0.55
 1.665 1.26
 1.671 0.18
 1.688 0.78
 1.778 0.56
 1.830 0.45
 1.837 0.92
 1.864 1.09
 1.914 0.51
 1.929 0.15
 2.055 0.93
 2.055 0.60
 2.098 0.10
 2.143 0.86
 2.143 0.57
 2.162 0.67
 2.209 0.40
 2.290 0.78
 2.333 0.85
 2.344 0.52
 2.389 0.39
 2.389 0.60
 2.400 0.90
 2.435 1.49
 2.476 0.66
 2.508 0.55
 2.521 0.54
 2.534 0.75
 2.547 0.97
 2.560 0.56
 2.599 0.76
 2.683 0.96
 2.683 0.65
 2.697 0.56
 2.742 0.58
 2.788 0.62
 2.835 0.68
 2.835 0.89
 2.851 0.51
 2.868 0.58
 2.884 0.65
 2.918 0.61
 2.918 0.69
 2.952 1.22
 3.079 0.96
 3.079 1.00
 3.118 0.20
 3.197 0.68
 3.197 0.74
 3.218 0.68
 3.218 0.78
 3.303 0.57
 3.347 1.16
 3.347 0.48
 3.392 0.59
 3.415 0.94
 3.439 0.65
 3.463 0.86
 3.511 0.70
 3.561 0.61
 3.561 0.63
 3.587 0.71
 3.587 1.36
 3.612 0.71
 3.692 0.99
 3.692 0.66
 3.710 0.83
 3.720 0.76
 3.720 0.59
 3.748 0.88
 3.776 0.58
 3.776 0.77
 3.805 1.47
 3.864 1.25
 3.864 0.58
 3.924 0.71
 3.955 0.64
 3.955 0.60
 3.955 0.62
 3.986 0.56
 3.986 0.68
 3.986 0.71
 4.187 0.76
 4.222 0.57
 4.258 0.62
 4.258 0.64
 4.258 0.77
 4.294 0.68
 4.332 0.63
 4.332 0.65
 4.369 0.87
 4.408 0.75
 4.447 0.64
 4.447 0.77
 4.487 0.76
 4.487 0.69
 4.527 1.03
 4.527 0.76
 4.569 0.96
 4.611 0.71
 4.611 1.57
 4.654 0.79
 4.654 0.76
 4.697 0.80
 4.697 0.75
 4.742 0.70
 4.742 0.67
 4.742 0.64
 4.787 0.92
 4.833 1.35
 4.833 0.70
 4.833 0.71
 4.929 0.59
 4.929 0.69
 4.978 1.31
 5.028 0.78
 5.028 0.70
 5.079 1.29
 5.079 0.73
 5.131 0.87
 5.184 1.24
 5.238 0.76
 5.248 0.72
 5.293 1.25
 5.293 0.47
 5.408 0.77
 5.467 0.70
 5.467 0.75
 5.467 0.95
 5.527 0.80
 5.527 1.17
 5.527 0.89
 5.527 0.73
 5.527 0.79
 5.589 0.73
 5.589 0.97
 5.652 0.80
 5.652 0.81
 5.652 1.12
 5.652 0.72
 5.652 0.81
 5.717 0.72
 5.717 0.89
 5.717 0.78
 5.783 1.27
 5.783 0.84
 5.783 1.10
 5.783 1.06
 5.783 1.05
 5.783 1.08
 5.783 0.74
 5.783 0.76
 5.783 0.85
 5.783 0.79
 5.850 0.96
 5.850 0.73
 5.919 0.75
 5.919 0.64
 5.919 0.58
 5.919 0.75
 5.919 1.04
 5.990 0.76
 5.990 0.98
 6.029 0.56
 6.137 0.87
 6.137 0.87
 6.137 0.24
 6.137 0.81
 6.137 0.56
 6.137 0.69
 6.213 1.11
 6.291 0.73
 6.291 0.88
 6.291 0.84
 6.372 0.85
 6.372 0.74
 6.372 1.08
 6.372 1.30
 6.454 0.83
 6.454 1.37
 6.454 0.82
 6.538 0.84
 6.538 0.88
 6.538 1.13
 6.538 1.04
 6.538 0.87
 6.538 0.80
 6.538 0.82
 6.538 1.28
 6.625 1.04
 6.625 1.27
 6.625 0.91
 6.625 0.95
 6.805 1.14
 6.805 0.82
 6.805 0.91
 6.805 0.59
 6.805 1.44
 6.805 0.87
 6.898 0.97
 6.898 0.82
 6.898 0.97
 6.995 1.05
 6.995 0.94
 6.995 1.09
 6.995 0.93
 6.995 1.19
 6.995 0.61
 7.301 1.19
 7.301 0.94
 7.301 1.12
 7.301 0.98
 7.409 1.17
 7.520 0.90
 7.520 0.51
 7.520 0.95
 7.520 0.63
 7.520 0.98
 7.520 0.88
 7.635 1.15   
 7.753 0.91
 7.753 0.64
 7.875 1.06
 7.875 1.00
 8.001 0.66
 8.001 1.11
 8.001 1.19
 8.001 0.88
 8.001 1.14
 8.131 0.98
 8.131 1.13
 8.265 0.87
 8.265 1.01
 8.404 0.65
 8.404 0.37
 8.404 0.91
 8.404 0.77
 8.404 0.91
 8.547 1.14
 8.547 0.95
 8.547 0.58
 8.547 1.16
 8.696 1.18
 8.696 1.14
 8.696 1.21
 8.696 0.85
 8.696 1.32
 8.850 1.08
 8.850 0.95
 8.850 1.18
 9.174 0.88
 9.174 1.04
 9.345 1.15
 9.345 1.13
 9.468 1.28
 9.523 1.11
 9.523 1.32
 9.708 1.04
 9.708 1.21
 9.708 1.13
 9.900 0.83
10.132 0.68
10.308 0.95
10.308 0.87
10.986 0.75
11.233 1.00
12.044 0.97
12.652 0.69
13.326 0.68
13.691 1.31
13.691 0.71
14.483 0.65
14.915 0.96
15.373 0.95
15.373 0.75
17.605 0.82
23.215 0.80
52.465 1.19
58.464 1.42